$ANSIBLE_VAULT;1.1;AES256
36663065393566663035323862623033326432646565333866326465356130653265643435626636
3532396262326336643236356536666463613631613639390a343363346632363638353030376137
31343137396666323731376235626662346532306632626331343333636465313533343334373339
3036313264363261650a633336343238386237343337633533643037373236323064623038366162
66623264613365626162383261613065396138393634356631376563316434316461353134333836
33616364653866323837376434636431643234383164303631633835303462666633393837346239
32393030326637396563386566346233343366633263653133653834326538376439333630323763
34366130363338393034633434393136666163653161646137616564623733396632316165646539
61353931643430366238316337363761636563373333653563326163643934373932373137643634
34643435616333636638316562303439356464626337323235323366353139636566623635613563
37393734316637623932613564643130376665323065623062366439323462333234373439643134
38666564323362626263393266336531613865303964383930303133656632656635313234333439
39323164346338633235643837346435346264346339643166336662663661353733643933643961
36323434353963373532653436306137303133386437616133666263333733333134323163663935
33646532343838343030643237346566666461316437316361393165316638346564313938343161
65623938623431623832376436393561353666353930623362633262376134386266613330383132
61373338633963353461383462633139373161663439376436343930613061326163643638653134
32333561636461366632336637373666386538616432303530363534313633333838343935383933
65393430333237313031306531326233356339643533626338396534666139333465313339333862
32316364613137393061333632393837363331653230316662303661373032393330363264613036
34353435643165636463386564376433366262373536633966653261343162363436663534306362
38333538646262333561383133376163333837303463306133633539653363623333333037646136
33646432626332616231346565663330353763623566346639653065396637306664616462653733
64383937643536323464363937363833303132363935313265656233633266663835376337373964
35353438303766653164326133316633336263353530313730396632346337393437613138613930
31643637306262333837353936613233666539656536616236616234333866643566353733366632
36353863353837353163326264323738373935656332636564333338363039333462316164386161
30616639343637393236663165643630396538616137383864306337613865613465366166663237
62643166643734376138643461343062306233373038633062656439306230316261336164653961
30376534646536363838326566666438373133373537373138373132353561303361663165353664
61303539633965643438663863623832393437383138636532626164393430343261306637313365
35663733306363353565373961373334636433636235656532383034623966346239343433643236
30333232656230613233363037363837666531346661306563346166353062623033333034636563
66353337643134633238343237643936353137663237613865633435646262613064343636346363
31666264653239326463393733653333323762373936646166623361363032333462326263313730
39643432623239323762623366633363313536643836653238363539663466646563306638663235
34313861633937346135373366373436646136306636376461626161363737363130663161383335
62666639333163386666313062316166386334626231396231306664393932303934653934633336
36386638653061373564643261633463306631336231353462303331393737623330646438306265
38653534363364633137343833376334616335333030393833656333303930316530336337636662
32383530623731383032303531313234303566306132303839336331306431623733656131383237
38396465326232333033313530663265333434363263356237613161646565353361313232336530
62396533393632626235623365366634616631326531313230633236303436366338333963343338
39623564663566623131653632613163343437313536643962646366646262373138313531333230
37353564613663373261636636356435626631303737393939636532663161376564623731393436
61323937356135633234343365356231313363383937383939626235383766343263643337356265
31333663653334383761343631616537366238313939326562356131643434323461633664306133
62323837323838666635363337376365366365643337623866386362613337633837636533313362
35643232373164303666313264316561343736303135316533663834646336623332636363326633
37376261313538616533633334343863306233313763363063616534623937353730333532303237
33643466666564643633303366333031353764373638393832656365303662326661643536333433
34303031373866316165363336623063346165633831303461356139353766373364353338383434
38663232623165333833386462363133346336316339643964376463336339633836666362383438
65333033326130373937666361346539646663396465303738303133396362346561353363316633
383330646433353437363135626464643031
